CAI33309.1	1
WP_195567330.1	1
WP_070679020.1	1
WP_049484058.1	1
WP_087313071.1	1
EOS69036.1	1
WP_153551064.1	1
MBO4878554.1	1
MBR1455271.1	1
WP_070482381.1	1
MBR4163497.1	1
WP_128530304.1	1
WP_109897587.1	1
MBE6924328.1	1
WP_094753625.1	1
WP_135998268.1	1
MBR5932091.1	1
MBM6969334.1	1
MBE6016195.1	1
WP_204900349.1	1
WP_222259967.1	1
WP_137611759.1	1
WP_154314192.1	1
SEF84253.1	1
MBS6706277.1	1
WP_102189987.1	1
WP_041501471.1	1
WP_093624092.1	1
ENZ13517.1	1
HIX76630.1	1
WP_031553352.1	1
RGW58272.1	1
MBP3223008.1	1
KYF37497.1	1
MBS4967661.1	1
GIC74700.1	1
WP_216243057.1	1
WP_229282609.1	1
MBQ3885853.1	1
NQN92292.1	1
WP_119448199.1	1
WP_016496644.1	1
WP_024293394.1	1
MBQ7344990.1	1
WP_205008653.1	1
WP_021350017.1	1
PMC48004.1	1
CDZ25060.1	1
WP_188905992.1	1
WP_227573227.1	1
MBQ9894835.1	1
MBO6164910.1	1
WP_118545709.1	1
WP_182579128.1	1
WP_128472092.1	1
CUM92011.1	1
WP_080612042.1	1
WP_000915514.1	1
WP_173691953.1	1
WP_229308882.1	1
WP_225432329.1	1
WP_221160437.1	1
WP_000724385.1	1
WP_111328293.1	1
WP_195502885.1	1
MBR0039370.1	1
WP_125373053.1	1
WP_173689907.1	1
WP_216768938.1	1
WP_120768222.1	1
WP_159256848.1	1
WP_061852905.1	1
HJA27547.1	1
WP_049484907.1	1
WP_060976477.1	1
WP_084849937.1	1
CUN95130.1	1
RHD36810.1	1
MCD8206831.1	1
MCC8141991.1	1
WP_072533679.1	1
AUJ30808.1	1
MBR1692689.1	1
WP_087268828.1	1
KRN06816.1	1
WP_074505078.1	1
OUL10274.1	1
WP_128513322.1	1
MBS5714095.1	1
RDF02507.1	1
WP_230913086.1	1
MBO4688257.1	1
WP_065867064.1	1
WP_214334606.1	1
WP_168786128.1	1
HJA72728.1	1
WP_118597392.1	1
PWE87585.1	1
HJA23836.1	1
MBO6015484.1	1
WP_048735594.1	1
KRL80358.1	1
WP_150203798.1	1
WP_087152854.1	1
WP_222328793.1	1
WP_051990306.1	1
MBR5974463.1	1
WP_204776783.1	1
WP_125687695.1	1
WP_125550099.1	1
WP_169462490.1	1
RRG02550.1	1
WP_142559398.1	1
OFQ20371.1	1
KZU10716.1	1
WP_214262767.1	1
WP_227084760.1	1
WP_056968860.1	1
KZU40383.1	1
HJB19391.1	1
WP_180871534.1	1
WP_010009853.1	1
NQM38615.1	1
MBO4474415.1	1
KZT98225.1	1
HJB46591.1	1
WP_076641196.1	1
WP_229094429.1	1
WP_058621698.1	1
WP_045613605.1	1
WP_035457591.1	1
WP_223340012.1	1
WP_225750041.1	1
WP_007555917.1	1
WP_195214229.1	1
MBS4897966.1	1
WP_023027368.1	1
WP_117744806.1	1
WP_118096132.1	1
WP_201087984.1	1
WP_118227752.1	1
WP_201037431.1	1
MBS5220555.1	1
RHE63007.1	1
MBS5357612.1	1
WP_049476456.1	1
WP_023946619.1	1
WP_078352566.1	1
WP_049551051.1	1
WP_003092555.1	1
WP_006146365.1	1
MBS5351213.1	1
WP_195969014.1	1
WP_084939330.1	1
WP_125457431.1	1
MBS5425265.1	1
WP_125356415.1	1
MBS5754277.1	1
WP_049496408.1	1
WP_049489803.1	1
WP_045504608.1	1
WP_008809945.1	1
WP_070535890.1	1
WP_195917966.1	1
WP_084917697.1	1
AAN64568.1	1
WP_180833768.1	1
WP_000912322.1	1
WP_002905539.1	1
WP_037600576.1	1
MBS5354564.1	1
WP_179925580.1	1
WP_067062316.1	1
WP_057490930.1	1
OUP93755.1	1
WP_195627686.1	1
HJF86998.1	1
WP_146990628.1	1
WP_102168459.1	1
WP_219481079.1	1
ADJ41487.1	1
WP_191684553.1	1
MBO4701146.1	1
AGO01065.1	1
WP_191911437.1	1
GIP70283.1	1
WP_122218018.1	1
WP_105920456.1	1
WP_003638241.1	1
WP_137597315.1	1
WP_216780689.1	1
WP_021337466.1	1
WP_215703721.1	1
WP_019252553.1	1
ERL43171.1	1
RHT43341.1	1
WP_225349354.1	1
WP_195509835.1	1
WP_033608529.1	1
APP11874.1	1
WP_226319695.1	1
MBS5763301.1	1
MBR3044026.1	1
WP_118533093.1	1
WP_204785160.1	1
WP_008374640.1	1
WP_119463035.1	1
WP_003713146.1	1
MBO7563669.1	1
WP_229279347.1	1
WP_225914141.1	1
WP_143456128.1	1
WP_154458445.1	1
WP_201627009.1	1
RRK09475.1	1
RKI40422.1	1
MBR0377623.1	1
WP_152728438.1	1
MBR1507738.1	1
WP_057727528.1	1
WP_007124422.1	1
WP_063488014.1	1
WP_100184704.1	1
WP_056994501.1	1
WP_123800123.1	1
WP_165844210.1	1
WP_163601645.1	1
MBR3033389.1	1
MBQ3406422.1	1
MBR9947652.1	1
WP_188357924.1	1
MBR3172012.1	1
WP_229268107.1	1
WP_078786273.1	1
MBD8925678.1	1
HIX36174.1	1
WP_229407523.1	1
WP_152727160.1	1
HAU50254.1	1
WP_057800539.1	1
WP_172574277.1	1
MCD7750519.1	1
WP_203640814.1	1
MBR5426179.1	1
WP_050202925.1	1
WP_107721395.1	1
WP_049510374.1	1
WP_173762076.1	1
MCD7790140.1	1
WP_147352590.1	1
WP_139355468.1	1
OHY38570.1	1
WP_077551896.1	1
WP_227099937.1	1
HIS88755.1	1
WP_195951856.1	1
MCD7835382.1	1
MBS7072799.1	1
MBM6969344.1	1
MBR3637509.1	1
MBR6315845.1	1
WP_113859478.1	1
EJP22782.1	1
KOF04767.1	1
MBD8966718.1	1
MBP3459426.1	1
WP_033583824.1	1
WP_204541924.1	1
WP_000023099.1	1
WP_006598110.1	1
WP_006152879.1	1
WP_125449551.1	1
MBR3314392.1	1
WP_201782338.1	1
MBS6007242.1	1
WP_084947228.1	1
KXB58382.1	1
MCD8005046.1	1
WP_131200368.1	1
WP_084953394.1	1
WP_049536766.1	1
WP_019788260.1	1
MBR3244094.1	1
MBR3236695.1	1
WP_019782289.1	1
WP_148887602.1	1
WP_119448264.1	1
WP_139658940.1	1
WP_025087155.1	1
WP_039088696.1	1
WP_000780144.1	1
MBR3631290.1	1
WP_059086088.1	1
WP_196247729.1	1
NLH92469.1	1
ETJ08071.1	1
CAC82946.1	1
WP_018369774.1	1
MBS6669167.1	1
WP_172476071.1	1
WP_154576008.1	1
WP_195956714.1	1
WP_154575993.1	1
WP_173751066.1	1
WP_165329393.1	1
WP_125430622.1	1
WP_094512071.1	1
WP_049548731.1	1
WP_050255951.1	1
WP_138022376.1	1
TGY59694.1	1
WP_068811526.1	1
WP_018374869.1	1
MBD9084930.1	1
WP_154458372.1	1
MBQ1545863.1	1
WP_049531519.1	1
ORO46131.1	1
NQG19797.1	1
RGM05060.1	1
HBB60573.1	1
WP_179923799.1	1
WP_021002185.1	1
WP_050147838.1	1
WP_125445940.1	1
WP_050230461.1	1
WP_158454372.1	1
WP_069152840.1	1
MBR3314399.1	1
WP_084910635.1	1
WP_155223247.1	1
WP_120702316.1	1
MBX3588579.1	2
MBX3657245.1	2
MBA3056440.1	2
WP_150127708.1	2
WP_112139266.1	2
WP_025250132.1	2
WP_150584134.1	2
WP_146188513.1	2
RDI12183.1	2
MBQ4022431.1	2
NCB83488.1	2
WP_002561573.1	2
EIY46705.1	2
WP_074762130.1	2
WP_217740271.1	2
WP_055295008.1	2
WP_048505867.1	2
WP_123980218.1	2
WP_225581852.1	2
WP_152599732.1	2
WP_070750268.1	2
PXX97660.1	2
WP_098534103.1	2
WP_070168196.1	2
WP_016122914.1	2
WP_007574537.1	2
WP_131725841.1	2
WP_222824302.1	2
WP_214941164.1	2
WP_129042014.1	2
PYV96061.1	2
WP_006330778.1	2
RWK37343.1	2
WP_228114317.1	2
WP_054527910.1	2
WP_171594494.1	2
WP_135022944.1	2
WP_219524528.1	2
WP_207791106.1	2
MBF1400344.1	2
NJC34174.1	2
MBF1408974.1	2
WP_208866595.1	2
WP_205171329.1	2
MBX9796730.1	2
WP_036867842.1	2
MBC7215026.1	2
TKD48563.1	2
WP_185553947.1	2
WP_219445362.1	2
WP_059141330.1	2
WP_014093892.1	2
SFO88690.1	2
WP_036060503.1	2
WP_185409453.1	2
WP_187137668.1	2
WP_230158814.1	2
WP_098370257.1	2
TDL87251.1	2
WP_185629786.1	2
WP_185376037.1	2
WP_230784436.1	2
WP_148358396.1	2
WP_059141009.1	2
WP_230176064.1	2
WP_188589600.1	2
WP_185548796.1	2
WP_185612164.1	2
WP_185647620.1	2
WP_185529071.1	2
WP_107809523.1	2
WP_185410126.1	2
RWN96003.1	2
WP_027150993.1	2
WP_185646696.1	2
WP_185388529.1	2
MBB1539594.1	2
WP_185627993.1	2
WP_187134361.1	2
WP_185412969.1	2
MBB1529633.1	2
WP_185657260.1	2
WP_185414159.1	2
WP_185553640.1	2
WP_091351590.1	2
WP_204661677.1	2
WP_187134805.1	2
WP_036132016.1	2
WP_185460751.1	2
WP_061142032.1	2
WP_036072611.1	2
WP_185388309.1	2
WP_185471159.1	2
WP_185518236.1	2
WP_185488654.1	2
WP_185545049.1	2
WP_185492188.1	2
WP_185645994.1	2
WP_185545560.1	2
WP_185414837.1	2
WP_185362535.1	2
WP_185533883.1	2
MBL0320639.1	2
WP_185648150.1	2
WP_057914183.1	2
WP_204939182.1	2
WP_004667955.1	2
WP_147257936.1	2
WP_185374810.1	2
WP_160841794.1	2
OCA88922.1	2
WP_145058739.1	2
WP_168974603.1	2
WP_013627958.1	2
WP_064785705.1	2
WP_084852111.1	2
WP_196414232.1	2
WP_043067592.1	2
WP_059332957.1	2
WP_072966839.1	2
WP_087527590.1	2
WP_180024796.1	2
HHV39745.1	2
WP_147344437.1	2
HBI72830.1	2
WP_137773086.1	2
MBP59136.1	2
KIO46693.1	2
NPA71531.1	2
WP_157799950.1	2
MPT00092.1	2
SFB70234.1	2
WP_103789702.1	2
WP_133250190.1	2
EFC7613375.1	2
WP_192755752.1	2
WP_167137621.1	2
WP_204920272.1	2
HAM9569561.1	2
MBG3012022.1	2
MBU0665000.1	2
EII3283386.1	2
WP_178952543.1	2
MBL7053958.1	2
MBU2061172.1	2
NLD19019.1	2
WP_137667297.1	2
WP_115453405.1	2
WP_098381805.1	2
MBP5430552.1	2
MAZ36466.1	2
WP_136369673.1	2
WP_069645816.1	2
WP_140139416.1	2
WP_123773452.1	2
EIO9264180.1	2
WP_138508572.1	2
MCB1467673.1	2
MBR1965345.1	2
WP_131093492.1	2
WP_086482143.1	2
WP_123891121.1	2
GGI56287.1	2
WP_206464264.1	2
WP_016117231.1	2
ACI19873.1	2
CDC06857.1	2
WP_149924725.1	2
CBJ83427.1	2
WP_216416371.1	2
KIO46675.1	2
WP_066164478.1	2
WP_133004989.1	2
WP_207595916.1	2
WP_207490494.1	2
WP_130531371.1	2
WP_016427218.1	2
WP_138656883.1	2
WP_143043458.1	2
PSM52609.1	2
WP_156316798.1	2
MBS7197009.1	2
HBV22306.1	2
OFY38856.1	2
TDQ32780.1	2
GGJ16724.1	2
RNC92270.1	2
WP_155662553.1	2
WP_156125415.1	2
RRQ50019.1	2
WP_209401176.1	2
MBL7889152.1	2
WP_038236818.1	2
HAS36656.1	2
WP_149273760.1	2
RIV72562.1	2
MCB9335174.1	2
MCB9173424.1	2
MBO4875837.1	2
MBQ1719314.1	2
TCV26779.1	2
MBI4931504.1	2
MBR6068596.1	2
MBO4232481.1	2
WP_173102373.1	2
WP_118504170.1	2
MBQ0159632.1	2
WP_053218195.1	2
MBS1680857.1	2
MBP3740173.1	2
MBP5541458.1	2
MBR4585448.1	2
WP_053365619.1	2
WP_116624649.1	2
EAP77335.1	2
BAY83951.1	2
WP_018866772.1	2
WP_188599236.1	2
WP_194193011.1	2
QAA76348.1	2
WP_224521730.1	2
WP_038213615.1	2
WP_165171519.1	2
WP_117314167.1	2
WP_092756349.1	2
WP_187536966.1	3
WP_118857369.1	3
HAV5950902.1	3
NML86954.1	3
WP_159077557.1	3
KQN22945.1	3
WP_114182671.1	3
WP_125523459.1	3
WP_208753426.1	3
WP_209767113.1	3
WP_150378230.1	3
WP_067551204.1	3
WP_071211484.1	3
WP_004723499.1	3
WP_180134905.1	3
WP_171536897.1	3
WP_200461111.1	3
WP_120368242.1	3
WP_049081426.1	3
WP_198475480.1	3
WP_187652516.1	3
WP_171541174.1	3
WP_110091477.1	3
WP_039194764.1	3
WP_169334418.1	3
WP_197050931.1	3
WP_180047757.1	3
WP_067725738.1	3
MBA3895737.1	3
WP_171269884.1	3
WP_129384724.1	3
HIP21003.1	3
WP_084201516.1	3
WP_216059302.1	3
WP_090193267.1	3
WP_222990728.1	3
WP_133481130.1	3
WP_027715123.1	3
WP_010185649.1	3
MAL96507.1	3
WP_106511899.1	3
WP_080768584.1	3
KPP97782.1	3
WP_056056224.1	3
WP_017044350.1	3
WP_124743340.1	3
EIJ0935517.1	3
WP_199355634.1	3
WP_208631474.1	3
TQV62357.1	3
WP_109880524.1	3
MBC7619230.1	3
WP_148089948.1	3
NWF39485.1	3
WP_198030641.1	3
NCC32271.1	3
WP_183382077.1	3
PZQ18726.1	3
WP_148532585.1	3
WP_198095099.1	3
WP_142626892.1	3
WP_031212253.1	3
WP_132598473.1	3
EGR2427770.1	3
WP_021088748.1	3
WP_213983256.1	3
MAS39832.1	3
KIM05112.1	3
WP_021083782.1	3
WP_199354907.1	3
WP_089031743.1	3
WP_114227905.1	3
KQN07402.1	3
WP_092407806.1	3
WP_022987666.1	3
WP_169116372.1	3
WP_186524375.1	3
NQW40276.1	3
WP_082468241.1	3
WP_187503084.1	3
WP_085217757.1	3
WP_159726016.1	3
KIM05111.1	3
WP_128455948.1	3
MBN9220966.1	3
RZL04476.1	3
MCC6274529.1	3
MBV9528573.1	3
MAT67810.1	3
WP_199391511.1	3
WP_047136586.1	3
WP_037501122.1	3
MBM22938.1	3
RYZ80733.1	3
WP_048016887.1	3
HIK23550.1	3
WP_166094094.1	3
PWB95608.1	3
MAD71325.1	3
MBT5400305.1	3
WP_215479016.1	3
MBK6511916.1	3
WP_011630073.1	3
WP_060527669.1	3
WP_166200770.1	3
WP_054966564.1	3
WP_209040394.1	3
WP_099798041.1	3
MAM09674.1	3
ARN79940.1	3
MBT3281323.1	3
MBL50343.1	3
MBI67117.1	3
WP_228234352.1	3
WP_062816438.1	3
MBX3479456.1	3
NCY07830.1	3
WP_188853827.1	3
WP_190278049.1	3
WP_093666707.1	3
WP_158083459.1	3
WP_206201164.1	3
AZI19822.1	3
MBT5399977.1	3
WP_051531748.1	3
WP_133512493.1	3
KZR90559.1	3
WP_230772520.1	3
MBC7122699.1	3
MBV0913469.1	3
NUR37916.1	3
MBA3511518.1	3
NDD12153.1	3
WP_022670500.1	3
WP_196402873.1	3
WP_011993741.1	3
MBL09655.1	3
MBU3589082.1	3
WP_160605047.1	3
WP_129386096.1	3
MBV2216982.1	3
RPG55924.1	3
WP_175518371.1	3
PPR41520.1	3
RMH49596.1	3
WP_161716256.1	3
MBQ9029074.1	4
MCD8221086.1	4
MBQ8987322.1	4
MBQ9027335.1	4
WP_104764330.1	4
WP_213178343.1	4
WP_073226029.1	4
WP_137637837.1	4
MBR9936570.1	4
WP_118695103.1	4
RGU12600.1	4
WP_009202932.1	4
SCH91763.1	4
WP_118471169.1	4
MBQ4282820.1	4
WP_130182075.1	4
MCD7796824.1	4
MBS5141809.1	4
WP_199473974.1	4
WP_135469703.1	4
WP_160212035.1	4
WP_224163981.1	4
WP_157006645.1	4
CDD62754.1	4
MBR0411941.1	4
WP_204583976.1	4
HIZ11459.1	4
WP_158403704.1	4
WP_214263175.1	4
MBR2133967.1	4
WP_204565096.1	4
WP_156062972.1	4
WP_074868893.1	4
WP_123209462.1	4
WP_050237661.1	4
HJG29920.1	4
WP_155959501.1	4
WP_173866641.1	4
WP_029200389.1	4
WP_154432621.1	4
WP_161170825.1	4
WP_165249046.1	4
WP_161116140.1	4
WP_119998841.1	4
MBR4343422.1	4
WP_154609007.1	4
WP_077858102.1	4
EOH94903.1	4
WP_008421534.1	4
MBT9066220.1	4
HJA00764.1	4
RGT70282.1	4
WP_137604497.1	4
MBQ8611103.1	4
WP_009557613.1	4
WP_017212086.1	4
WP_020090220.1	4
WP_108774893.1	4
WP_008461889.1	4
WP_204564525.1	4
WP_215634890.1	4
MBP5384997.1	4
WP_216786203.1	4
MBQ8230756.1	4
WP_076631235.1	4
WP_025162160.1	4
CCY67311.1	4
WP_227191343.1	4
NRT74155.1	4
WP_182527562.1	4
MBQ1516396.1	4
WP_180701800.1	4
HIW86540.1	4
NYC70346.1	4
WP_152595133.1	4
WP_118065286.1	4
WP_071982842.1	4
WP_016181037.1	4
WP_221698865.1	4
MBT8987274.1	4
MBL3536289.1	4
WP_040463642.1	4
MCD8145472.1	4
OUN61669.1	4
WP_074894144.1	4
MBQ8976261.1	4
WP_058991129.1	4
WP_118486141.1	4
WP_006720636.1	4
WP_200151988.1	4
MCD7740825.1	4
NFG58748.1	4
WP_204462702.1	4
HJD40963.1	4
MBS4957090.1	4
HAT4141231.1	4
WP_004625474.1	4
MBT9696375.1	4
WP_039105280.1	4
WP_118542303.1	4
WP_024867337.1	4
WP_027628988.1	4
HIY64185.1	4
WP_072535011.1	4
MBO5478794.1	4
WP_114894035.1	4
NSM83096.1	4
WP_140398887.1	4
MBQ4309362.1	4
WP_221772863.1	4
WP_185524602.1	4
WP_187398531.1	4
MBC1800568.1	4
WP_185521181.1	4
WP_185424764.1	4
WP_185647888.1	4
EOH52843.1	4
WP_185338655.1	4
WP_165005472.1	4
WP_205757239.1	4
WP_185583064.1	4
KMT62313.1	4
WP_185573246.1	4
WP_185428836.1	4
WP_185576829.1	4
WP_069665139.1	4
WP_061755395.1	5
WP_050231747.1	5
VJK41440.1	5
WP_050259364.1	5
WP_217813338.1	5
WP_118552738.1	5
WP_110074496.1	5
WP_015392664.1	5
PWM98997.1	5
GFI59156.1	5
MCD8237980.1	5
WP_152704185.1	5
WP_142410957.1	5
HIS89155.1	5
WP_074871561.1	5
WP_229304178.1	5
MBR5317391.1	5
WP_021742706.1	5
WP_137663709.1	5
WP_224289170.1	5
WP_077325704.1	5
WP_010779746.1	5
WP_161169319.1	5
RRF98251.1	5
WP_061384080.1	5
WP_072557861.1	5
HAM08541.1	5
MBE5851202.1	5
MBS5763303.1	5
WP_216458872.1	5
VNC99741.1	5
PKM60510.1	5
EHE61561.1	5
VOS41126.1	5
MBR6949283.1	5
WP_021892972.1	5
KRL41533.1	5
WP_113860531.1	5
VSB76654.1	5
WP_137220543.1	5
WP_129739268.1	5
HBZ53068.1	5
WP_069653705.1	5
MBR3132333.1	5
WP_044693603.1	5
CMX58981.1	5
WP_172980634.1	5
WP_199574959.1	5
WP_227809219.1	5
WP_087367543.1	5
PMD68826.1	5
WP_170177334.1	5
MBR0143807.1	5
MCB6994514.1	5
MBS8088733.1	5
WP_181567166.1	5
MBP3198577.1	5
MBT9760038.1	5
OUQ39659.1	5
HIV43641.1	5
WP_207114294.1	5
WP_017210832.1	5
WP_079270444.1	5
MBR8697802.1	5
NQK45294.1	5
WP_004230030.1	5
NQI73492.1	5
WP_181476581.1	5
OUO92925.1	5
WP_173761171.1	5
WP_012263249.1	5
WP_138276515.1	5
MBQ8971725.1	5
WP_117516703.1	5
MCC2155351.1	5
WP_037586833.1	5
NMA85113.1	5
WP_003088592.1	5
WP_049500314.1	5
WP_211495296.1	5
WP_195540292.1	5
MBQ9890337.1	5
EPC71712.1	5
WP_226396572.1	5
OUN70361.1	5
KOA54210.1	5
WP_042238960.1	5
WP_144356771.1	5
WP_074732315.1	5
WP_085391522.1	5
WP_215633174.1	5
VMG48693.1	5
WP_018167255.1	5
NQJ69172.1	5
WP_146496265.1	5
WP_074482109.1	5
WP_131501423.1	5
WP_044470582.1	5
MBQ4512821.1	5
MBE6718381.1	5
PXZ19741.1	5
WP_005761605.1	5
WP_060461556.1	5
WP_057719366.1	5
WP_210144629.1	5
VQJ42306.1	6
EMG32612.1	6
WP_204956359.1	6
WP_078846275.1	6
WP_221762777.1	6
RKV90743.1	6
WP_224218642.1	6
QBZ14104.1	6
VIU37569.1	6
ABW40756.1	6
WP_048952746.1	6
WP_075875658.1	6
MBN1040020.1	6
AXB83697.1	6
WP_118572645.1	6
WP_116843469.1	6
WP_227189687.1	6
MBS6517363.1	6
WP_173737061.1	6
MBD9336357.1	6
VEG71536.1	6
WP_014215683.1	6
NLK65088.1	6
MBQ9778187.1	6
WP_074664292.1	6
WP_229272675.1	6
WP_032951571.1	6
WP_115154695.1	6
WP_224153995.1	6
MBS5937915.1	6
WP_049517278.1	6
WP_204564332.1	6
WP_143445838.1	6
WP_144354651.1	6
WP_203640797.1	6
WP_125567457.1	6
WP_184284944.1	6
ENZ13516.1	6
TGE43049.1	6
WP_173739328.1	6
WP_130436212.1	6
QNQ80524.1	6
WP_080021630.1	6
WP_156470962.1	6
WP_006584612.1	6
WP_168924920.1	6
WP_056967375.1	6
WP_207268584.1	6
WP_098046005.1	6
WP_196091287.1	6
VDG17571.1	6
WP_170088229.1	6
HAT4072079.1	6
WP_048486288.1	6
WP_004455531.1	6
MBQ8357753.1	6
WP_205016522.1	6
WP_056938094.1	6
MBQ7345427.1	6
OLA72146.1	6
WP_161022465.1	6
WP_094498457.1	6
WP_159215282.1	6
WP_097550570.1	6
MBD9142935.1	6
WP_063846037.1	6
WP_195972817.1	6
WP_206763665.1	6
WP_135056206.1	6
MBQ2244731.1	6
MBE6691382.1	6
MBO6205822.1	6
WP_002572101.1	6
WP_159210780.1	6
MBR3314390.1	6
MBQ2244732.1	6
RHU21494.1	6
WP_172966986.1	6
RWY85735.1	6
WP_118521454.1	6
MCC8104665.1	6
WP_208873420.1	6
MBR2319246.1	6
WP_071859065.1	6
WP_152742762.1	6
WP_173001711.1	6
MBR3778997.1	6
WP_128468782.1	6
WP_157734676.1	6
WP_180869626.1	6
WP_110140077.1	6
MBQ5580520.1	6
MBQ8062459.1	6
MBQ3996179.1	6
MBQ8083630.1	6
WP_195626768.1	6
MBQ9859245.1	6
WP_074627535.1	6
MBQ6526255.1	6
MBO5526073.1	7
MBR5583058.1	7
WP_229270275.1	7
MQB89616.1	7
MBQ9859806.1	7
WP_147367828.1	7
WP_205016881.1	7
MBS4884441.1	7
MBO3319882.1	7
WP_118377932.1	7
MBO5870648.1	7
MBQ2117065.1	7
PWX64313.1	7
HBK61394.1	7
MBO4828715.1	7
MBQ8664139.1	7
TYL61085.1	7
MBE6622771.1	7
WP_154540626.1	7
MBR0092455.1	7
MBO5213256.1	7
WP_204564990.1	7
MBQ9531650.1	7
WP_214253603.1	7
MBQ4128548.1	7
MBS6764944.1	7
WP_138303057.1	7
MBR2715058.1	7
WP_117971564.1	7
WP_212332335.1	7
MBE7064719.1	7
WP_225208402.1	7
WP_105113439.1	7
MCE2233908.1	7
WP_217374036.1	7
MBR2550729.1	7
SDX69991.1	7
WP_102198134.1	7
WP_118411665.1	7
EGG80934.1	7
MBQ3547841.1	7
WP_201309798.1	7
AZY91880.1	7
MBQ8001190.1	7
WP_216527426.1	7
WP_021727157.1	7
MBS6643952.1	7
QBS00041.1	7
WP_180480937.1	7
MBQ8598948.1	7
MBR3908274.1	7
WP_155515378.1	7
MBR1948745.1	7
MBE6737636.1	7
CVI67365.1	7
WP_195639974.1	7
WP_136002025.1	7
HIV43449.1	7
OUN70038.1	7
MBG8099537.1	7
WP_036203258.1	7
MBQ3257696.1	7
WP_065541425.1	7
WP_144555424.1	7
TGY66071.1	7
WP_168965011.1	7
WP_148392782.1	7
MBP3696522.1	7
MBR7132414.1	7
MBQ4104835.1	7
MBQ7613787.1	7
PWG64454.1	7
MBD8961175.1	7
WP_143084419.1	7
MBR5774595.1	7
WP_026488344.1	7
MBQ7429765.1	7
HAX84104.1	7
RGM52875.1	7
WP_022755964.1	7
WP_165056673.1	7
WP_110974445.1	8
WP_151813787.1	8
WP_201686691.1	8
WP_139102916.1	8
WP_138928581.1	8
WP_144035963.1	8
WP_200222840.1	8
WP_214228854.1	8
WP_106516769.1	8
WP_204136790.1	8
WP_211903587.1	8
AXW62273.1	8
WP_001572821.1	8
WP_197330552.1	8
WP_052234704.1	8
WP_144614985.1	8
WP_085411221.1	8
WP_039568335.1	8
WP_098251621.1	8
CCH02966.1	8
WP_003261233.1	8
WP_100991484.1	8
WP_048635580.1	8
ABK14751.1	8
RTR36406.1	8
WP_130001416.1	8
WP_217774810.1	8
WP_147515663.1	8
WP_194603525.1	8
WP_065519200.1	8
WP_129747938.1	8
BAZ10903.1	8
WP_119906732.1	8
EHU3427301.1	8
WP_137262131.1	8
WP_219076819.1	8
WP_121328863.1	8
WP_227092401.1	8
WP_073121390.1	8
WP_133576014.1	8
WP_092650100.1	8
WP_200067659.1	8
WP_157455803.1	8
WP_044339933.1	8
WP_217000147.1	8
VXA96077.1	8
WP_144916889.1	8
ROT20295.1	8
MCD7924712.1	8
ROS81167.1	8
WP_157564983.1	8
WP_195443791.1	8
NMW22219.1	8
WP_144803716.1	8
MCC4312986.1	8
WP_224626522.1	8
WP_223533126.1	8
WP_173003877.1	8
WP_123639693.1	8
WP_220316313.1	8
WP_131534349.1	8
WP_125704634.1	8
WP_009038505.1	8
WP_194112984.1	8
WP_218485180.1	8
RYY00570.1	8
WP_039098596.1	8
NTW72264.1	8
WP_228864614.1	8
WP_216253788.1	8
WP_129320261.1	8
WP_226129163.1	8
WP_114003941.1	8
WP_163621647.1	8
WP_139685738.1	8
WP_076638993.1	8
WP_111698518.1	8
WP_060997341.1	8
WP_089723541.1	9
WP_063927837.1	9
WP_112164390.1	9
WP_033740460.1	9
PKB90879.1	9
WP_104920314.1	9
EAA8875199.1	9
EGQ5166340.1	9
EFN4116306.1	9
WP_171461313.1	9
WP_105278937.1	9
WP_180556034.1	9
WP_001702373.1	9
WP_131161396.1	9
MBR0503468.1	9
WP_033870522.1	9
WP_160523648.1	9
WP_217149407.1	9
WP_112022321.1	9
MBY0540660.1	9
SMC38412.1	9
MBT9898728.1	9
WP_022192438.1	9
MBD9027931.1	9
WP_121581715.1	9
WP_115404904.1	9
MXS70331.1	9
MBA3143697.1	9
WP_179226027.1	9
MBA3113756.1	9
ECZ7900187.1	9
ECG8041865.1	9
HAF2604735.1	9
EBL4292099.1	9
EBO9556473.1	9
EBA8957897.1	9
EGX6618175.1	9
WP_166824133.1	9
WP_117711886.1	9
WP_048827300.1	9
WP_001515519.1	9
WP_207967755.1	9
SQD80126.1	9
HBC9557793.1	9
WP_038197792.1	9
MBT5491528.1	9
WP_182293311.1	9
WP_158576005.1	9
MBX2931862.1	9
MBO5829877.1	9
MBR5810519.1	9
MBR1957044.1	9
MBQ0029540.1	9
MBS1442712.1	9
MUU05497.1	9
WP_157844532.1	9
MBD9300770.1	9
WP_223271599.1	9
QQO62350.1	9
WP_071842993.1	9
WP_217511439.1	9
ADC84238.1	10
EEW0749544.1	10
WP_181818324.1	10
EEV9057955.1	10
ANK02212.1	10
EAB5456586.1	10
OOI26292.1	10
WP_059307571.1	10
WP_156654859.1	10
HAT2218579.1	10
MBT7544045.1	10
HAB36710.1	10
WP_048235053.1	10
WP_191214333.1	10
WP_194370958.1	10
WP_056029123.1	10
WP_169862577.1	10
WP_188762324.1	10
KQN00007.1	10
WP_022632779.1	10
EAV0891041.1	10
ECD9518278.1	10
EDV0337522.1	10
WP_226054114.1	10
WP_097495653.1	10
WP_182723826.1	10
WP_225623143.1	10
WP_101086431.1	10
SWW34776.1	10
WP_157092754.1	10
WP_035566834.1	10
WP_153245114.1	10
WP_148675691.1	10
WP_137786910.1	10
WP_146917635.1	10
EHS95555.1	10
WP_182268984.1	10
HAW4209831.1	10
WP_167396712.1	10
WP_203559539.1	10
OVU66633.1	10
WP_161706207.1	10
WP_171356107.1	10
WP_116953703.1	10
WP_135720880.1	10
WP_087845043.1	10
WP_169844434.1	10
EFO4710097.1	10
WP_135424165.1	10
MBE0471041.1	10
WP_139552717.1	10
HBC1806426.1	10
WP_086467195.1	10
WP_167570229.1	10
WP_088135624.1	11
WP_205870119.1	11
VCW38159.1	11
WP_227337655.1	11
WP_053816951.1	11
MBX6146154.1	11
WP_193377353.1	11
VTP95254.1	11
WP_228292600.1	11
MBC0058692.1	11
WP_196123549.1	11
WP_214095596.1	11
WP_159363741.1	11
WP_128574006.1	11
WP_126324382.1	11
PJE89562.1	11
WP_015461223.1	11
WP_008771742.1	11
WP_130075387.1	11
WP_154637103.1	11
MBK5975630.1	11
WP_079393286.1	11
MBD5177136.1	11
WP_175895766.1	11
SAK39322.1	11
WP_210854796.1	11
QBM04763.1	11
EII3265690.1	11
WP_023273596.1	11
MBQ7648858.1	11
WP_020442907.1	11
WP_093201018.1	11
WP_212279849.1	11
WP_005277833.1	11
WP_228149025.1	11
WP_176134468.1	11
WP_166735579.1	11
WP_124794099.1	11
WP_080173391.1	11
WP_006082368.1	11
EHO2937437.1	11
WP_171545848.1	11
WP_186185342.1	11
WP_154321199.1	11
WP_210850495.1	11
WP_045038326.1	11
WP_140963561.1	11
QKU20273.1	11
WP_031952045.1	11
WP_227555595.1	11
WP_157952981.1	11
WP_001634575.1	12
EEC0943439.1	12
EAU6968783.1	12
WP_086550147.1	12
EHX2146157.1	12
EFB3414289.1	12
WP_021129312.1	12
MBS6023667.1	12
WP_098917295.1	12
EFN5993533.1	12
WP_152121691.1	12
WP_063665672.1	12
WP_066175816.1	12
EGW82555.1	12
KNY26834.1	12
EHS5616031.1	12
WP_218382828.1	12
EGR3322785.1	12
WP_021430021.1	12
MBM3176603.1	12
MBP2654430.1	12
WP_227505516.1	12
WP_129541317.1	12
EEV8111732.1	12
MBY7946259.1	12
MBY8121143.1	12
WP_155271364.1	12
WP_181317943.1	12
WP_162307148.1	12
WP_226860973.1	12
CDM70549.1	12
SPW30950.1	12
WP_180562595.1	12
WP_000610985.1	12
WP_180644555.1	12
WP_044423368.1	12
WP_077249319.1	12
WP_162627179.1	12
WP_187142567.1	12
WP_149012917.1	12
RSP53952.1	12
MBN2396208.1	12
HAG9978478.1	12
AXZ00060.1	12
WP_140179806.1	12
WP_068908271.1	12
WP_032171518.1	12
WP_226149070.1	12
WP_032203195.1	12
WP_181199122.1	12
AFW04828.1	13
WP_072693157.1	13
WP_149012607.1	13
WP_105375272.1	13
WP_064512184.1	13
EIP1107604.1	13
EAN0852561.1	13
WP_211887636.1	13
WP_152145049.1	13
WP_124740822.1	13
WP_006816206.1	13
WP_072667302.1	13
QXL75893.1	13
WP_089616544.1	13
EAT8322350.1	13
EIN8589252.1	13
WP_181378456.1	13
WP_219344020.1	13
EDZ3597582.1	13
WP_141024855.1	13
WP_218077903.1	13
HAU3222088.1	13
HAN4380369.1	13
WP_179897472.1	13
WP_134802547.1	13
WP_112040216.1	13
EGJ3415085.1	13
WP_191227078.1	13
HBA4961563.1	13
WP_171273537.1	13
WP_191239012.1	13
WP_196256121.1	13
WP_033917743.1	13
OYQ83697.1	13
HAS8352223.1	13
WP_080527688.1	13
WP_197064550.1	13
EHB3785347.1	13
EBR2489397.1	13
WP_158116127.1	13
EAA9290322.1	13
EAA9318623.1	13
EGR3978677.1	13
WP_158313034.1	13
TRY04558.1	13
WP_224050662.1	13
WP_033555298.1	13
WP_164530251.1	13
WP_157713386.1	13
WP_042096529.1	13
WP_149507662.1	14
WP_087893335.1	14
WP_086266782.1	14
WP_074189167.1	14
WP_074188135.1	14
WP_074186610.1	14
WP_019454398.1	14
WP_075808362.1	14
WP_080479055.1	14
MBP1128771.1	14
WP_161505311.1	14
WP_135704740.1	14
MBC4617017.1	14
WP_168186805.1	14
WP_131073326.1	14
MBN5318929.1	14
WP_117136936.1	14
QDI17963.1	14
WP_158524166.1	14
WP_077270733.1	14
MBN5313443.1	14
SCA34554.1	14
WP_164171092.1	14
MBH2771487.1	14
QDI32442.1	14
WP_049241299.1	14
WP_158524115.1	14
AYZ32262.1	14
AYU89687.1	14
WP_207975708.1	14
MBH3028143.1	14
VGO93738.1	14
WP_195807055.1	14
WP_088883777.1	14
EGT3571951.1	14
WP_107782612.1	14
WP_182038342.1	14
WP_157957603.1	14
WP_043000203.1	14
WP_230078669.1	14
EGR1308149.1	14
WP_089188523.1	14
WP_142727916.1	14
EHD2271000.1	14
WP_050941563.1	15
WP_138775468.1	15
WP_226715542.1	15
WP_057636168.1	15
WP_057649559.1	15
WP_212584288.1	15
WP_219650035.1	15
WP_050085977.1	15
WP_019082574.1	15
WP_072622924.1	15
PJD96600.1	15
WP_018577593.1	15
WP_158617416.1	15
WP_182794892.1	15
WP_139336483.1	15
QWD20112.1	15
WP_094565502.1	15
WP_185780244.1	15
SFS11554.1	15
WP_140308546.1	15
WP_117981531.1	15
MBT8578580.1	15
WP_036166674.1	15
WP_148514706.1	15
EGR1023376.1	15
WP_166208076.1	15
WP_122096090.1	15
WP_218049815.1	15
WP_047782168.1	15
WP_159565626.1	15
WP_156642685.1	15
WP_138566219.1	15
WP_144899818.1	15
WP_137265061.1	15
WP_099610789.1	15
WP_152057574.1	15
PMD98442.1	15
WP_127342269.1	15
WP_155693977.1	15
WP_146474764.1	15
NUS38009.1	15
MBD3843020.1	15
WP_149196448.1	15
WP_169609801.1	15
WP_151185054.1	16
WP_102563394.1	16
WP_146132021.1	16
WP_021577644.1	16
HHI93670.1	16
WP_061054350.1	16
MBG3931340.1	16
WP_014833930.1	16
WP_049301452.1	16
WP_222829171.1	16
WP_033945314.1	16
WP_126859228.1	16
WP_121353285.1	16
WP_058179072.1	16
MBD3843238.1	16
WP_143606027.1	16
WP_098386379.1	16
WP_058355143.1	16
WP_023108549.1	16
KLI67978.1	16
WP_157896939.1	16
WP_176478687.1	16
WP_221006790.1	16
WP_069942140.1	16
WP_195602693.1	16
WP_168738007.1	16
OII57818.1	16
WP_133309706.1	16
WP_209872022.1	16
WP_204212393.1	16
WP_128667415.1	16
HHV75500.1	16
WP_161774127.1	16
WP_039615093.1	16
WP_147403448.1	16
MBG5825211.1	16
WP_099616856.1	16
ABE55930.1	16
MBD3343557.1	16
WP_092265032.1	16
RNC88169.1	16
RGD54956.1	16
WP_165173125.1	16
NQY93481.1	16
WP_163135203.1	17
WP_213386872.1	17
WP_089691467.1	17
WP_154610449.1	17
WP_107187151.1	17
WP_126374421.1	17
WP_115249400.1	17
WP_115299623.1	17
WP_010906696.1	17
WP_099803057.1	17
WP_059246418.1	17
WP_061405996.1	17
WP_195188563.1	17
WP_163883902.1	17
WP_139638916.1	17
WP_071522897.1	17
WP_205765792.1	17
WP_005756390.1	17
WP_170452761.1	17
WP_014390999.1	17
WP_047977566.1	17
WP_132022614.1	17
WP_226691233.1	17
WP_136124858.1	17
WP_123955884.1	17
WP_194750776.1	17
WP_202937619.1	17
WP_176808882.1	17
WP_005762249.1	17
AAP95770.1	17
WP_046338337.1	17
HBO39117.1	17
WP_039196197.1	17
WP_014991053.1	17
WP_101775131.1	17
WP_176670244.1	17
WP_025342334.1	17
WP_176671600.1	17
WP_042802418.1	17
WP_112111249.1	17
WP_021280093.1	17
WP_154704579.1	17
WP_218219167.1	17
RKV84714.1	18
WP_214095740.1	18
WP_212892137.1	18
MBR3518882.1	18
WP_072974770.1	18
MBQ6162260.1	18
MBQ6188122.1	18
WP_222112393.1	18
WP_024242467.1	18
EHI1103351.1	18
ECC1659034.1	18
EGS1644181.1	18
MBS6928501.1	18
ORS46201.1	18
ADC54950.1	18
ARD51912.1	18
HAW0456399.1	18
HBB8469940.1	18
EFN5151366.1	18
WP_077227879.1	18
WP_125274477.1	18
WP_195728452.1	18
WP_163169866.1	18
WP_180040407.1	18
NLZ53017.1	18
MBK7771320.1	18
MBK9473069.1	18
WP_128578354.1	18
WP_107174165.1	18
MBK8166436.1	18
WP_130066659.1	18
WP_047034256.1	18
QDZ61352.1	18
MBR1732900.1	18
MBR1400320.1	18
MBE6324357.1	18
WP_118151519.1	18
MBR6338611.1	18
MBR5374602.1	18
MBO5829871.1	18
MBR2138841.1	18
MBP5476174.1	18
MBE6312750.1	18
WP_001230642.1	19
WP_061279311.1	19
WP_219142352.1	19
WP_104926837.1	19
NOT64918.1	19
WP_119786432.1	19
WP_126327789.1	19
WP_228598439.1	19
WP_028018525.1	19
WP_198120657.1	19
WP_132576810.1	19
EHW5015426.1	19
WP_108156747.1	19
TYA02932.1	19
WP_148516510.1	19
WP_133295826.1	19
WP_054895408.1	19
WP_182927545.1	19
MBR9870835.1	19
WP_142726887.1	19
SDH61519.1	19
QZD32928.1	19
ECI4074262.1	19
WP_199052849.1	19
EEL3819512.1	19
WP_058115101.1	19
WP_139204982.1	19
WP_006683932.1	19
HAT3637643.1	19
QNF23742.1	19
EFH3908540.1	19
EFH5849823.1	19
WP_180501315.1	19
EBP3809362.1	19
WP_111885524.1	19
WP_136802570.1	19
AJR19430.1	19
WP_212514244.1	19
WP_114212770.1	19
WP_173495018.1	19
WP_099073947.1	19
WP_025174023.1	20
WP_205395997.1	20
WP_170816446.1	20
WP_214379817.1	20
WP_135517332.1	20
WP_010747882.1	20
WP_114002921.1	20
WP_204465687.1	20
KSU15282.1	20
NQP36275.1	20
WP_222636956.1	20
WP_144171247.1	20
AXA82896.1	20
HAS92070.1	20
WP_204933104.1	20
WP_081172321.1	20
WP_148126571.1	20
WP_174720878.1	20
WP_142511397.1	20
WP_223351134.1	20
WP_111712749.1	20
WP_229411592.1	20
WP_062514754.1	20
HHY83211.1	20
MCE2151712.1	20
WP_101916278.1	20
WP_091208476.1	20
WP_081028438.1	20
WP_071460920.1	20
WP_074480037.1	20
WP_157328055.1	20
PEG94093.1	20
NLJ95935.1	20
WP_008780904.1	20
MBR3046111.1	20
MCD7998119.1	20
WP_118309970.1	20
SUC18730.1	21
EGN3749515.1	21
WP_000700646.1	21
WP_201736063.1	21
WP_158642109.1	21
WP_047359262.1	21
WP_048795032.1	21
WP_060559799.1	21
MBH3199296.1	21
WP_147823909.1	21
WP_049209034.1	21
MBI6142379.1	21
WP_130018758.1	21
MBH2696970.1	21
WP_219227672.1	21
QHI78680.1	21
WP_047730499.1	21
WP_197652658.1	21
WP_180547339.1	21
WP_218217203.1	21
WP_154746369.1	21
WP_110593944.1	21
WP_074053963.1	21
WP_103798445.1	21
WP_060437802.1	21
WP_061794630.1	21
WP_060438558.1	21
WP_060443110.1	21
WP_123895227.1	21
AHG22974.2	21
EFE95219.1	21
KFD17377.1	21
WP_162540910.1	21
EEW0649687.1	21
WP_142909966.1	21
WP_094326684.1	21
WP_072051245.1	21
WP_009123722.1	22
VEB76576.1	22
WP_131325943.1	22
WP_114172788.1	22
WP_140964847.1	22
WP_171255263.1	22
WP_180177237.1	22
WP_198305536.1	22
WP_000262677.1	22
WP_101916788.1	22
WP_125998993.1	22
WP_017724838.1	22
NHB92021.1	22
WP_137222139.1	22
WP_162814004.1	22
WP_036942525.1	22
WP_080760111.1	22
RPA63838.1	22
WP_176372556.1	22
HAS6984939.1	22
WP_228076309.1	22
WP_213969826.1	22
EHK9547916.1	22
WP_228490417.1	22
WP_005817592.1	22
WP_089110519.1	22
WP_226777332.1	22
WP_000639299.1	22
WP_201488134.1	22
WP_149335172.1	22
EAX1602471.1	22
EEJ4373330.1	22
EBI0040023.1	22
MCC3780838.1	22
KAB1515163.1	22
SUC15933.1	22
WP_129382394.1	23
ABY48117.1	23
WP_205895854.1	23
WP_150738126.1	23
WP_005350292.1	23
TCS35093.1	23
EIA4708806.1	23
WP_154113022.1	23
WP_153734102.1	23
WP_206369925.1	23
WP_142606155.1	23
WP_145354056.1	23
OGB50064.1	23
WP_194703382.1	23
BCR39239.1	23
WP_133247576.1	23
WP_092144884.1	23
MBN0979056.1	23
WP_078834531.1	23
KPF68697.1	23
AKS05645.1	23
WP_141697266.1	23
MBT9493227.1	23
WP_123809532.1	23
WP_147266113.1	23
WP_138492611.1	23
PUB44374.1	23
MBN0058234.1	23
WP_042926927.1	23
WP_157831763.1	23
WP_221605901.1	23
WP_198754621.1	23
WP_117001877.1	23
OYO31193.1	23
MBC3936346.1	23
WP_106757181.1	23
HBD0591629.1	24
WP_086483276.1	24
EGW69750.1	24
VVY79035.1	24
WP_106423585.1	24
EFG6470853.1	24
EEQ1609719.1	24
WP_220394820.1	24
WP_227658377.1	24
WP_119564788.1	24
WP_113620537.1	24
WP_163192840.1	24
WP_106040627.1	24
WP_003272411.1	24
WP_138938354.1	24
WP_108745087.1	24
WP_149214727.1	24
QTX31890.1	24
WP_050844742.1	24
WP_145334769.1	24
WP_019362502.1	24
WP_113936212.1	24
WP_074649656.1	24
PPI92517.1	24
WP_115302880.1	24
SCC68521.1	24
WP_065869604.1	24
WP_014356477.1	24
WP_001182066.1	24
MBN6205752.1	24
WP_097853599.1	24
WP_118417698.1	24
MBR2554094.1	24
KAF1086093.1	24
HAL6201568.1	25
WP_089645086.1	25
WP_052201295.1	25
EGH1751367.1	25
EFB9459334.1	25
BBM62823.1	25
WP_147331724.1	25
WP_199959343.1	25
WP_199946684.1	25
OKZ17413.1	25
WP_151812956.1	25
QEP40525.1	25
WP_167351909.1	25
WP_143959153.1	25
WP_110168226.1	25
MBE4243270.1	25
WP_121910297.1	25
AGK55733.1	25
WP_129618856.1	25
WP_140333028.1	25
WP_215044871.1	25
ODY15942.1	25
WP_019551917.1	25
WP_168560913.1	25
WP_024861945.1	25
AEB14236.1	25
WP_159874893.1	25
MBO9688664.1	25
MBR2937931.1	25
MBE6116041.1	25
MBP7386072.1	25
WP_157404220.1	25
WP_099392322.1	25
WP_200530877.1	26
WP_177343046.1	26
WP_077264733.1	26
WP_061350267.1	26
WP_149451547.1	26
WP_023307298.1	26
WP_163920861.1	26
WP_213222145.1	26
WP_125337275.1	26
WP_117120953.1	26
WP_214220209.1	26
WP_064374844.1	26
BAI43724.1	26
WP_200561351.1	26
WP_227953571.1	26
WP_099001754.1	26
WP_212714213.1	26
WP_200548163.1	26
ORM92212.1	26
WP_209635373.1	26
WP_201356719.1	26
WP_064188116.1	26
HAV2402098.1	26
WP_114272083.1	26
WP_171877873.1	26
WP_131010630.1	26
NJR03125.1	26
WP_103814538.1	26
WP_074187531.1	26
WP_194394485.1	26
WP_121554014.1	26
AXY99682.1	26
RPP47857.1	27
WP_186009766.1	27
WP_192828723.1	27
WP_154745360.1	27
WP_055136846.1	27
WP_198864114.1	27
WP_169199804.1	27
WP_208134250.1	27
WP_131592657.1	27
WP_104670081.1	27
WP_008022995.1	27
WP_152117937.1	27
WP_046041222.1	27
TXH59276.1	27
WP_092414598.1	27
WP_090143106.1	27
WP_148169455.1	27
WP_224788146.1	27
NCQ11007.1	27
MBX3705066.1	27
WP_082446592.1	27
WP_130027507.1	27
WP_124345257.1	27
OLB91251.1	27
WP_214496379.1	27
WP_187516328.1	27
WP_137923182.1	27
WP_098495516.1	27
WP_096611936.1	27
WP_114434232.1	27
WP_019964204.1	27
WP_163049471.1	28
WP_171537823.1	28
WP_168384767.1	28
WP_180025383.1	28
WP_161420062.1	28
WP_168401718.1	28
TCB46542.1	28
WP_021506308.1	28
WP_131324271.1	28
WP_101210808.1	28
WP_180085977.1	28
WP_228278673.1	28
WP_087013699.1	28
WP_227514005.1	28
WP_086398835.1	28
WP_197218336.1	28
WP_201529894.1	28
WP_219299372.1	28
WP_017401298.1	28
WP_105245009.1	28
EHU1307238.1	28
WP_144917748.1	28
WP_100907999.1	28
MBD7808321.1	28
WP_159336482.1	28
WP_224490275.1	28
WP_102038540.1	28
HCT41976.1	28
MBP7051975.1	28
WP_005233228.1	28
ACV53000.1	29
WP_011906375.1	29
WP_050103368.1	29
WP_145916318.1	29
QES97472.1	29
WP_148731010.1	29
HAX1946036.1	29
EFF5633373.1	29
MBV5341697.1	29
HBB8654719.1	29
WP_162788058.1	29
WP_163358642.1	29
WP_071922060.1	29
WP_047023864.1	29
WP_223283095.1	29
HAU3088379.1	29
ECF4924930.1	29
NBK97499.1	29
EGM9064583.1	29
MTH47360.1	29
PSW69995.1	29
EBU8757150.1	29
WP_140367630.1	29
WP_142549297.1	29
WP_142578385.1	29
WP_022932601.1	29
WP_021495849.1	29
WP_118132184.1	29
RHE56199.1	29
WP_004016722.1	30
EFY5912725.1	30
WP_128568408.1	30
WP_119169437.1	30
EGK22062.1	30
WP_094169909.1	30
ACD37181.1	30
SQU10570.1	30
WP_130221809.1	30
WP_075180897.1	30
WP_203358138.1	30
WP_052246191.1	30
WP_064559454.1	30
EIQ0040716.1	30
QLK60821.1	30
WP_223082411.1	30
WP_130625790.1	30
WP_123957905.1	30
WP_223680061.1	30
WP_057095508.1	30
WP_124381841.1	30
MBI2966569.1	30
WP_212808505.1	30
WP_067654841.1	30
MBS1683013.1	30
WP_013344590.1	30
MBI1768789.1	30
WP_007803730.1	30
WP_013147936.1	30
WP_191016112.1	31
WP_032067856.1	31
WP_042009273.1	31
WP_221255378.1	31
WP_151795245.1	31
WP_002674248.1	31
WP_104504119.1	31
WP_151741735.1	31
WP_015781963.1	31
WP_212899018.1	31
WP_017897834.1	31
WP_151816168.1	31
WP_180138626.1	31
WP_180139496.1	31
WP_180116289.1	31
WP_162183340.1	31
WP_098714362.1	31
WP_202040477.1	31
MBC7710596.1	31
WP_202733462.1	31
WP_205667377.1	31
WP_138155551.1	31
ALU43240.1	31
WP_065709043.1	31
WP_095909418.1	31
WP_212259750.1	31
WP_018122467.1	31
WP_086267389.1	31
WP_004647642.1	31
WP_115853285.1	32
WP_090136162.1	32
WP_202746102.1	32
WP_109123338.1	32
WP_098721664.1	32
WP_032037098.1	32
WP_064792751.1	32
WP_228704202.1	32
MWQ21883.1	32
ATW46629.1	32
ACL31748.1	32
OTM90969.1	32
WP_014204040.1	32
WP_146509796.1	32
WP_213972609.1	32
WP_155586697.1	32
WP_007394447.1	32
WP_126789285.1	32
WP_006993192.1	32
WP_172892938.1	32
WP_064561267.1	32
WP_188156977.1	32
WP_166837729.1	32
SFH70350.1	32
WP_045402521.1	32
POR07012.1	32
WP_222236542.1	32
WP_086901522.1	32
NBH34944.1	33
WP_101025560.1	33
WP_176494806.1	33
WP_182430671.1	33
WP_195616809.1	33
WP_171019084.1	33
WP_194250493.1	33
OYL07744.1	33
VIQ20135.1	33
WP_118168890.1	33
MBQ8541043.1	33
WP_143248664.1	33
WP_161234366.1	33
MCE2282231.1	33
WP_009854069.1	33
QCO71451.1	33
WP_074559849.1	33
WP_143248660.1	33
WP_098408233.1	33
HIS27262.1	33
MBF0941987.1	33
WP_141327097.1	33
CDC21113.1	33
MBS4973676.1	33
RHB69079.1	33
NCD03634.1	33
WP_223930890.1	33
WP_000549530.1	34
EIR9201176.1	34
WP_125362640.1	34
WP_097411100.1	34
MIR30034.1	34
EDE2632241.1	34
EDQ3381127.1	34
WP_080074299.1	34
WP_181242426.1	34
WP_063134475.1	34
GBE69150.1	34
EAU0671645.1	34
ECG6090071.1	34
WP_230374903.1	34
EDW5186900.1	34
MXG78602.1	34
HBE4428035.1	34
ETC59777.1	34
WP_057647482.1	34
WP_050116911.1	34
VDZ65126.1	34
WP_107225999.1	34
WP_021567303.1	34
EBD0800919.1	34
EIP8405724.1	34
WP_143742216.1	34
WP_141100855.1	34
ACA24754.1	35
EFW8729468.1	35
PHU85953.1	35
MBE4101482.1	35
WP_157052984.1	35
WP_138555850.1	35
OYQ72531.1	35
WP_144723881.1	35
WP_125591332.1	35
WP_168397815.1	35
WP_004640379.1	35
WP_004956844.1	35
WP_125699588.1	35
WP_021499272.1	35
WP_116238113.1	35
WP_132844173.1	35
WP_216951365.1	35
WP_069680871.1	35
WP_202640704.1	35
WP_108207897.1	35
WP_130985655.1	35
WP_195741217.1	35
WP_107302913.1	35
WP_117978588.1	35
WP_138338253.1	35
MBQ3147910.1	35
WP_065849718.1	36
WP_035637400.1	36
WP_139459897.1	36
MCA6459657.1	36
WP_081985253.1	36
WP_032678516.1	36
WP_097177223.1	36
WP_059358481.1	36
HAX6689526.1	36
WP_116338833.1	36
WP_182322953.1	36
WP_029739234.1	36
WP_090766624.1	36
WP_042728068.1	36
WP_150742539.1	36
WP_230143422.1	36
MBO9483085.1	36
MBO9674992.1	36
WP_207281354.1	36
WP_167295611.1	36
WP_090497966.1	36
WP_090133706.1	36
WP_136874171.1	36
WP_081991129.1	36
WP_032528413.1	36
MBW8726202.1	36
ACD37026.1	37
EGD8570544.1	37
WP_110870355.1	37
WP_181669008.1	37
WP_047661403.1	37
WP_096933632.1	37
WP_205066171.1	37
WP_123334932.1	37
WP_050871167.1	37
WP_119938544.1	37
MIA78463.1	37
WP_105059667.1	37
EDV9741632.1	37
WP_042307490.1	37
EAW5735634.1	37
HAM8904139.1	37
WP_061140150.1	37
WP_222860673.1	37
EFH6986334.1	37
WP_057569691.1	37
WP_061093158.1	37
WP_186584507.1	37
WP_154610713.1	37
MBF0209025.1	37
EEW3194231.1	38
EBQ8563659.1	38
WP_094762235.1	38
EAR2001077.1	38
OZU30810.1	38
WP_060561577.1	38
EAP0955437.1	38
HAX8449907.1	38
EFI8995880.1	38
WP_228346254.1	38
WP_005653708.1	38
WP_172893723.1	38
WP_034169332.1	38
WP_108569543.1	38
WP_166713992.1	38
WP_218427038.1	38
WP_072040269.1	38
APZ56502.1	38
WP_174563684.1	38
WP_057329600.1	38
MBQ8384861.1	38
WP_005861887.1	38
WP_214221985.1	38
WP_115256329.1	39
VOC17485.1	39
WP_001826717.1	39
EHE06795.1	39
VMO60215.1	39
WP_012961878.1	39
WP_214254291.1	39
WP_000172819.1	39
WP_011922117.1	39
WP_105126534.1	39
WP_167588632.1	39
WP_048345613.1	39
WP_081539118.1	39
WP_103241600.1	39
MCD8003154.1	39
GFI00208.1	39
WP_010581023.1	39
RHC55200.1	39
RHT81424.1	39
WP_078035963.1	39
WP_148463231.1	39
WP_003124381.1	40
WP_023125575.1	40
WP_073649884.1	40
WP_193378653.1	40
WP_139146841.1	40
MBG5544267.1	40
QRI84586.1	40
WP_155950766.1	40
WP_220632393.1	40
WP_188036525.1	40
WP_177328444.1	40
WP_166674225.1	40
WP_155417157.1	40
WP_109751405.1	40
WP_177431709.1	40
WP_192259538.1	40
WP_092167542.1	40
WP_153387843.1	40
WP_141218031.1	40
WP_144244127.1	40
WP_172857973.1	40
EFF3320182.1	41
HAJ2748717.1	41
WP_213133975.1	41
WP_048980186.1	41
EDW2261456.1	41
NIG76477.1	41
WP_138154056.1	41
WP_201707009.1	41
WP_004801797.1	41
WP_053007635.1	41
WP_162774178.1	41
MBO7127389.1	41
MBO4699207.1	41
WP_141616459.1	41
WP_130275587.1	41
SHG15803.1	41
WP_100659360.1	41
WP_147349917.1	41
WP_163863364.1	41
WP_217741753.1	41
WP_162036252.1	42
WP_230107225.1	42
WP_154463002.1	42
WP_064299278.1	42
WP_110063817.1	42
APZ79158.1	42
MBS5133618.1	42
NMA05552.1	42
EHD83116.1	42
WP_163052351.1	42
WP_060418174.1	42
WP_125382933.1	42
WP_045500264.1	42
WP_165993240.1	42
WP_203265798.1	42
WP_172601669.1	42
WP_016766502.1	42
PKM55156.1	42
WP_176761988.1	42
MBQ9314222.1	42
WP_024242993.1	43
WP_089536959.1	43
EFE9705453.1	43
WP_194189025.1	43
WP_200111793.1	43
WP_213238837.1	43
BCO13070.1	43
EGT5733709.1	43
WP_080320359.1	43
KAA6051568.1	43
MRS92328.1	43
WP_023624152.1	43
WP_053301956.1	43
WP_199978320.1	43
WP_180159094.1	43
WP_156190425.1	43
PMJ65782.1	43
WP_017817115.1	43
HBU09080.1	43
WP_102329591.1	44
SIQ31776.1	44
EIE2975626.1	44
WP_157013824.1	44
HAI8688269.1	44
MBR1639811.1	44
WP_033560997.1	44
WP_137569987.1	44
ERT10627.1	44
MBS9432257.1	44
WP_134984316.1	44
WP_188420490.1	44
WP_157828149.1	44
WP_157830561.1	44
WP_210447998.1	44
WP_043035921.1	44
WP_181468877.1	44
WP_138944299.1	44
BAQ00830.1	45
EGG1128596.1	45
EFB6411119.1	45
WP_171021444.1	45
WP_000234807.1	45
WP_170988896.1	45
MBV8502044.1	45
WP_169880069.1	45
OCJ75870.1	45
WP_169389635.1	45
WP_200107393.1	45
KXJ53070.1	45
WP_075163506.1	45
WP_147347886.1	45
WP_195375469.1	45
OYQ31506.1	45
MBA2669885.1	45
WP_006820499.1	45
WP_049203096.1	46
WP_146152133.1	46
OBU38227.1	46
WP_087852095.1	46
WP_036795719.1	46
WP_045062635.1	46
WP_146154816.1	46
WP_158642110.1	46
EGR4247695.1	46
WP_211829151.1	46
QEQ70874.1	46
WP_213965499.1	46
SEA62337.1	46
WP_198620332.1	46
HAV8865381.1	46
EGL0035715.1	46
WP_208852792.1	46
WP_079402046.1	46
WP_205956578.1	47
WP_172912940.1	47
WP_070076696.1	47
WP_064352351.1	47
WP_176019005.1	47
EIC1493874.1	47
WP_150146757.1	47
WP_187258533.1	47
WP_228340356.1	47
EGD0584816.1	47
WP_063146256.1	47
WP_174563351.1	47
WP_181593463.1	47
WP_223604415.1	47
QNY06381.1	47
WP_081048554.1	47
WP_219343564.1	47
EFE8383865.1	48
AXL04919.1	48
EAZ5150397.1	48
NMM06712.1	48
WP_012435032.1	48
WP_001752773.1	48
EHW3099694.1	48
WP_106421597.1	48
WP_086529370.1	48
WP_200054484.1	48
WP_182271963.1	48
WP_144244972.1	48
WP_156265155.1	48
WP_063408423.1	48
WP_099296807.1	48
WP_220491378.1	48
WP_097551466.1	49
EIM6882389.1	49
WP_042093341.1	49
EFB7561420.1	49
WP_131492549.1	49
WP_023314457.1	49
WP_148384075.1	49
WP_155019343.1	49
WP_105662979.1	49
WP_105654866.1	49
WP_105665137.1	49
WP_105634683.1	49
WP_106877393.1	49
WP_130099844.1	49
WP_096387970.1	49
MBY7766022.1	49
CAI33084.1	50
WP_050311826.1	50
CIV98579.1	50
WP_050119686.1	50
WP_125839089.1	50
WP_061415461.1	50
WP_195227595.1	50
WP_215770075.1	50
NQJ72111.1	50
WP_179941313.1	50
WP_027131060.1	50
WP_223329919.1	50
WP_084928823.1	50
WP_225204125.1	50
WP_049523283.1	50
WP_216842914.1	50
WP_000983273.1	51
HAW7455953.1	51
EHG6208956.1	51
WP_111465387.1	51
WP_121540208.1	51
WP_001206792.1	51
WP_218265335.1	51
EIM7627316.1	51
ECG8592086.1	51
EAX6843836.1	51
HAU6789150.1	51
EEO4508470.1	51
VEB45882.1	51
WP_001583055.1	51
WP_160882407.1	51
HIV70869.1	51
WP_061748111.1	52
WP_054391329.1	52
WP_155442727.1	52
WP_024383613.1	52
WP_001233889.1	52
WP_141577583.1	52
AAL57082.1	52
WP_141456562.1	52
WP_228987482.1	52
QIA77855.1	52
WP_036188042.1	52
MBQ7266097.1	52
WP_047206938.1	52
WP_192828034.1	52
KLK64426.1	52
WP_146498940.1	52
WP_154142452.1	53
WP_000672721.1	53
MBP3917179.1	53
WP_202321439.1	53
WP_206214675.1	53
WP_222704893.1	53
RKI99687.1	53
WP_083787581.1	53
MBD8958323.1	53
WP_020006222.1	53
WP_114371184.1	53
PIC83082.1	53
WP_159519170.1	53
MBQ6414132.1	53
GAE15809.1	53
MCB0333373.1	53
WP_001222819.1	54
WP_115255088.1	54
MBR7000834.1	54
WP_174178474.1	54
WP_142039453.1	54
WP_188728410.1	54
WP_132008325.1	54
MCD5341119.1	54
WP_223253045.1	54
WP_071303441.1	54
WP_123955526.1	54
WP_230341227.1	54
WP_156162334.1	54
MBN9216259.1	54
MBI2566708.1	54
MBS7044848.1	54
WP_228138528.1	55
WP_000651325.1	55
WP_053142601.1	55
WP_218195323.1	55
MBA96244.1	55
WP_148816240.1	55
WP_139214634.1	55
WP_134695102.1	55
WP_196227574.1	55
MAW90055.1	55
WP_224812650.1	55
WP_088233605.1	55
WP_214553054.1	55
WP_190830254.1	55
WP_200214603.1	55
WP_001002891.1	56
EGM8745944.1	56
EGZ6657556.1	56
WP_126331305.1	56
WP_023312380.1	56
WP_045887856.1	56
WP_221702108.1	56
WP_064326661.1	56
MBB1201479.1	56
WP_039295133.1	56
WP_223955249.1	56
WP_073998858.1	56
HAW8033785.1	56
WP_112029726.1	56
QMS18359.1	56
WP_226342182.1	57
EFJ4442667.1	57
EFA4709713.1	57
WP_102961581.1	57
WP_038420104.1	57
WP_159082270.1	57
WP_176140441.1	57
OXU41230.1	57
WP_021823835.1	57
WP_221716884.1	57
WP_112032556.1	57
WP_021555519.1	57
WP_086528087.1	57
WP_126815147.1	57
WP_103674172.1	57
HCM85212.1	58
WP_050213231.1	58
MBQ2980623.1	58
NLJ17122.1	58
MBQ5320864.1	58
MBR7122748.1	58
RWU06912.1	58
MBD5134490.1	58
WP_071388313.1	58
WP_227081889.1	58
TNV68459.1	58
MCC2222460.1	58
WP_207114638.1	58
HBM81368.1	58
WP_041691659.1	59
WP_005823552.1	59
WP_072419195.1	59
MBD9105552.1	59
WP_061830633.1	59
MBS6587934.1	59
WP_118741802.1	59
SCJ71229.1	59
OUN47551.1	59
WP_117530072.1	59
WP_147759423.1	59
MBO5475024.1	59
WP_208498225.1	59
WP_013497141.1	59
WP_008483784.1	60
WP_020911729.1	60
WP_158678134.1	60
WP_065682081.1	60
WP_028024885.1	60
HAH9654961.1	60
WP_065168980.1	60
TNH77921.1	60
WP_065193419.1	60
WP_222701647.1	60
WP_137588581.1	60
WP_021544497.1	60
WP_125717070.1	60
WP_174170394.1	60
WP_000445844.1	61
WP_171035968.1	61
WP_073993639.1	61
WP_118401386.1	61
MBS5122315.1	61
HIZ72759.1	61
WP_036810015.1	61
RNM31026.1	61
OUN36338.1	61
MBQ8325016.1	61
MBQ2805878.1	61
HIW50308.1	61
MBR5438684.1	61
WP_144007741.1	61
WP_126850644.1	62
MQK37483.1	62
WP_157921850.1	62
WP_129995412.1	62
MCE1439271.1	62
EGQ4820835.1	62
WP_072203073.1	62
EFI4006016.1	62
WP_041327705.1	62
WP_199371631.1	62
EFC9838517.1	62
WP_222686410.1	62
WP_102562372.1	62
WP_050220594.1	63
VRV52792.1	63
MBS6818805.1	63
WP_118359558.1	63
AGS58343.1	63
WP_105118341.1	63
WP_169361581.1	63
MBF1122405.1	63
WP_157274575.1	63
MBF1107716.1	63
RGT57934.1	63
WP_162141233.1	63
WP_204653955.1	63
EFH7882969.1	64
WP_046888363.1	64
WP_224955243.1	64
WP_223952967.1	64
WP_161506958.1	64
WP_214186628.1	64
WP_146752557.1	64
WP_139174273.1	64
WP_011802854.1	64
ABB32404.1	64
WP_022836538.1	64
WP_195360266.1	64
RPI15812.1	64
AHB32832.1	65
CUV14244.1	65
WP_075465789.1	65
WP_122852603.1	65
WP_078222586.1	65
WP_017400312.1	65
MBN6211866.1	65
WP_169353714.1	65
WP_081408856.1	65
WP_000064509.1	65
WP_119064478.1	65
RSO81665.1	65
WP_127799779.1	65
AFW04668.1	66
ECT6513875.1	66
EHR1566626.1	66
EHL3469409.1	66
WP_079774761.1	66
WP_079771874.1	66
WP_020844666.1	66
WP_079829148.1	66
EFE5197676.1	66
GEF03964.1	66
EAA3118109.1	66
AKH63228.1	66
WP_027912717.1	66
AFW04706.1	67
WP_139386603.1	67
EHQ5249121.1	67
EGT0678982.1	67
WP_210904601.1	67
WP_217438706.1	67
WP_121529241.1	67
WP_137347025.1	67
WP_071685290.1	67
MBJ3591050.1	67
WP_021544702.1	67
AER84924.1	67
ECD9549392.1	67
WP_025382884.1	68
WP_050088863.1	68
WP_187258758.1	68
EAS0583903.1	68
EBQ4855951.1	68
EFP0777165.1	68
EAN8469837.1	68
WP_079894445.1	68
EFO4565670.1	68
WP_001592235.1	68
WP_071698212.1	68
WP_121301468.1	68
WP_227104990.1	68
WP_181854010.1	69
WP_202413966.1	69
WP_193377759.1	69
WP_192929285.1	69
MBN0444584.1	69
WP_200869145.1	69
WP_206695099.1	69
WP_207927132.1	69
WP_170987081.1	69
WP_151096888.1	69
WP_150581997.1	69
WP_139225449.1	69
WP_193065270.1	69
WP_001468901.1	70
WP_042093618.1	70
WP_102306153.1	70
WP_097743917.1	70
EAN1750365.1	70
AGM38627.1	70
HIE00585.1	70
WP_157936090.1	70
WP_014871790.1	70
HAT8486706.1	70
NMT95774.1	70
WP_168827264.1	70
WP_163139732.1	70
EHN7415104.1	71
WP_205923602.1	71
WP_223398951.1	71
NVJ60863.1	71
HAE62212.1	71
HBE6102621.1	71
WP_096841651.1	71
WP_125357753.1	71
PIS45052.1	71
WP_216357555.1	71
WP_125040739.1	71
WP_192017052.1	71
EGU6736122.1	72
SUF21761.1	72
BAO04106.1	72
WP_158642084.1	72
EGO7078686.1	72
MBY8061211.1	72
WP_192034465.1	72
WP_105161851.1	72
WP_024074164.1	72
WP_065910421.1	72
WP_099494482.1	72
WP_093527380.1	72
WP_159447953.1	73
EHB0077756.1	73
WP_047623710.1	73
EFF0768368.1	73
WP_080470520.1	73
WP_045346738.1	73
WP_182295798.1	73
EGT0666651.1	73
RWR01198.1	73
WP_060997361.1	73
WP_186413210.1	73
EFH3089146.1	73
WP_050260163.1	74
VQM63531.1	74
QCO91949.1	74
WP_054446405.1	74
VOG14504.1	74
WP_075231287.1	74
WP_033680701.1	74
MBS5115788.1	74
WP_227135022.1	74
WP_087429911.1	74
MCC8153175.1	74
SCI38496.1	74
WP_086924582.1	75
MBS0344088.1	75
WP_121142808.1	75
WP_033991562.1	75
WP_116845021.1	75
WP_034001819.1	75
WP_121213467.1	75
WP_033943974.1	75
WP_017001671.1	75
MBH9075679.1	75
WP_124078092.1	75
AFW04785.1	76
WP_087487468.1	76
WP_014605463.1	76
WP_063880154.1	76
WP_225181253.1	76
WP_217880571.1	76
WP_054687551.1	76
WP_038395439.1	76
WP_180395140.1	76
WP_137529147.1	76
WP_146383734.1	76
WP_137586850.1	77
WP_021535079.1	77
EGM8107999.1	77
WP_214605624.1	77
WP_095427547.1	77
WP_148418225.1	77
WP_217534216.1	77
OCH61298.1	77
WP_199867674.1	77
EHR0246941.1	77
HBC3918621.1	77
WP_044813608.1	78
WP_000828637.1	78
WP_045501331.1	78
WP_037605573.1	78
WP_013904300.1	78
WP_155199096.1	78
WP_022772883.1	78
WP_094529266.1	78
WP_094562696.1	78
WP_179226408.1	78
WP_219989554.1	79
WP_196083558.1	79
WP_000961623.1	79
WP_047355739.1	79
HAS3626539.1	79
WP_095467637.1	79
WP_092290607.1	79
WP_021196769.1	79
WP_048935126.1	79
WP_029307264.1	79
VOQ41123.1	80
WP_196967045.1	80
WP_118490786.1	80
WP_154434277.1	80
WP_196335894.1	80
WP_143249280.1	80
WP_008420884.1	80
WP_044090605.1	80
WP_090012959.1	80
HAT4119821.1	80
MBS6699689.1	81
PDX87724.1	81
WP_207686569.1	81
MCC2125384.1	81
WP_069152713.1	81
EHA0993353.1	81
MBS1411452.1	81
MBS5727814.1	81
WP_009255511.1	81
MBE6703961.1	81
EFV6095475.1	82
OGH98424.1	82
WP_148630522.1	82
WP_140367232.1	82
WP_149945446.1	82
PKP62185.1	82
WP_172336422.1	82
WP_046438300.1	82
MBU3820659.1	82
OGC08486.1	82
WP_131421241.1	83
WP_185830950.1	83
WP_208537571.1	83
WP_205587364.1	83
MBN0969750.1	83
OTJ32456.1	83
WP_079385043.1	83
WP_176484350.1	83
WP_185844238.1	83
WP_219788308.1	83
VPT20589.1	84
WP_050255588.1	84
WP_125844770.1	84
WP_099778220.1	84
WP_170079437.1	84
WP_151856152.1	84
WP_187442485.1	84
MCC8051272.1	84
WP_147666174.1	84
AIY06288.1	84
CAI33029.1	85
WP_032495937.1	85
QCO92056.1	85
WP_125398588.1	85
CZE39046.1	85
NQM30475.1	85
APZ79098.1	85
WP_024414175.1	85
WP_018372881.1	85
WP_066125534.1	85
WP_053276574.1	86
ARO72924.1	86
WP_036933329.1	86
MBF4244656.1	86
MQJ27365.1	86
EFO3524659.1	86
EEY9296501.1	86
HAH2637296.1	86
WP_123306267.1	86
RUA09357.1	86
PGG53825.1	87
SAZ41822.1	87
BBV65275.1	87
WP_148361789.1	87
WP_150871746.1	87
WP_225758459.1	87
HAW3394744.1	87
WP_225480721.1	87
MBX0310559.1	87
ADC54957.1	88
WP_109862426.1	88
WP_097336108.1	88
PST96423.1	88
WP_107191832.1	88
MCD9464198.1	88
WP_170073309.1	88
WP_191238328.1	88
SKC32433.1	88
OEF43733.1	89
WP_179785008.1	89
EFC2101193.1	89
WP_107236766.1	89
WP_193001662.1	89
NVO98935.1	89
WP_158135141.1	89
WP_138261381.1	89
WP_161470509.1	89
WP_230607872.1	90
HAT7486851.1	90
WP_000639866.1	90
WP_202761074.1	90
WP_073488278.1	90
WP_074165021.1	90
WP_072255639.1	90
WP_072057113.1	90
WP_225284810.1	90
EHN5991182.1	91
EAU0255189.1	91
WP_161748446.1	91
WP_196350619.1	91
EDQ7406279.1	91
HAE7082557.1	91
WP_058109104.1	91
EAU0023031.1	91
WP_032180856.1	91
EFO3933972.1	92
WP_097727926.1	92
WP_107533350.1	92
WP_045906548.1	92
WP_046359762.1	92
WP_112918588.1	92
WP_047615139.1	92
HAW2197999.1	92
GCT65035.1	92
WP_021569439.1	93
RJX72377.1	93
WP_214759418.1	93
MBO9518972.1	93
WP_122355050.1	93
WP_026626620.1	93
WP_009641072.1	93
WP_178957998.1	93
RGX71636.1	93
WP_065533017.1	94
WP_205758089.1	94
EEU19215.1	94
WP_050250393.1	94
EEJ71590.1	94
WP_198566108.1	94
WP_098044158.1	94
WP_113532430.1	94
WP_135352248.1	94
WP_222551728.1	95
EHA1124951.1	95
WP_187252201.1	95
WP_200015063.1	95
WP_134692146.1	95
WP_163435987.1	95
EIP3526296.1	95
WP_103155085.1	95
WP_135300949.1	96
EFK0007347.1	96
WP_050111601.1	96
MBS6057122.1	96
WP_179179341.1	96
WP_017734467.1	96
PIB57465.1	96
WP_164558392.1	96
WP_000275561.1	97
WP_050323507.1	97
WP_005167735.1	97
PSV32328.1	97
WP_050162429.1	97
AAC60768.1	97
TNH45198.1	97
WP_011148880.1	97
WP_138005626.1	98
WP_060956154.1	98
WP_149556404.1	98
WP_057538721.1	98
WP_143808102.1	98
WP_180384805.1	98
WP_070770365.1	98
WP_114665852.1	98
WP_087878921.1	99
WP_167820090.1	99
WP_049281935.1	99
WP_032317884.1	99
WP_208462997.1	99
HAU3120060.1	99
WP_076166215.1	99
EGC5066056.1	99
WP_115074078.1	100
WP_160890430.1	100
WP_155031454.1	100
HAZ4812282.1	100
EFI6978175.1	100
MBE4990227.1	100
WP_191932879.1	100
WP_181879881.1	100
WP_087661176.1	101
EGR73751.1	101
WP_162625789.1	101
WP_213786579.1	101
WP_148790641.1	101
WP_130975594.1	101
HAZ0555840.1	101
MBN2612407.1	101
WP_128612299.1	102
WP_200923010.1	102
EGT0664115.1	102
EIG8581612.1	102
WP_025491994.1	102
EIG6690569.1	102
WP_059276126.1	102
WP_115253476.1	103
MBP5842394.1	103
WP_105766194.1	103
PIO80417.1	103
PEG75341.1	103
WP_099412309.1	103
WP_076632559.1	103
WP_137549518.1	104
EEW9015671.1	104
EEW3198854.1	104
WP_200034518.1	104
WP_126525114.1	104
WP_125339946.1	104
WP_167605960.1	104
AAZ20761.1	105
POF73934.1	105
WP_136196084.1	105
WP_136343527.1	105
WP_193140306.1	105
TNI12731.1	105
NVP03317.1	105
WP_050076590.1	106
WP_044812585.1	106
WP_061370541.1	106
WP_077868875.1	106
WP_172578025.1	106
WP_109214776.1	106
WP_118702688.1	106
HAX3427212.1	107
EFG5907368.1	107
WP_024223683.1	107
WP_123015143.1	107
WP_192542788.1	107
WP_158173603.1	107
WP_219253375.1	107
ABI98976.1	108
WP_045338351.1	108
WP_181666584.1	108
EFI3676002.1	108
WP_149540368.1	108
WP_210599843.1	108
WP_136392103.1	108
WP_050243748.1	109
WP_000622250.1	109
WP_061088405.1	109
RKV63492.1	109
WP_000622251.1	109
WP_105139274.1	109
WP_125071267.1	109
WP_021540005.1	110
WP_049008294.1	110
EFE7997203.1	110
WP_045629819.1	110
WP_074172210.1	110
WP_106902180.1	110
WP_151532579.1	110
VQD68897.1	111
VSN79485.1	111
WP_207737042.1	111
MBE6760335.1	111
RGT09300.1	111
WP_163052333.1	111
HJG68077.1	111
WP_032023143.1	112
WP_168541942.1	112
AGM38753.1	112
WP_151790100.1	112
WP_136700095.1	112
WP_216061645.1	112
WP_038345952.1	112
EHO3058610.1	113
HBE5020990.1	113
WP_149010799.1	113
WP_124965817.1	113
WP_152996897.1	113
WP_102542915.1	113
WP_039422864.1	113
WP_000881830.1	114
HAW7655927.1	114
WP_218070497.1	114
MBT1803244.1	114
WP_187799348.1	114
KYL36920.1	114
WP_187575447.1	114
WP_180064661.1	115
WP_009584320.1	115
WP_079547944.1	115
WP_106466208.1	115
QNX08747.1	115
SBS61204.1	115
WP_097727540.1	116
WP_059277566.1	116
ECJ5920515.1	116
WP_031605499.1	116
WP_135321404.1	116
WP_149616341.1	116
WP_131391565.1	117
HAY4577140.1	117
NCH61700.1	117
HBC0587495.1	117
WP_061554685.1	117
AEH27473.1	117
WP_053880137.1	118
WP_097569465.1	118
WP_191228508.1	118
WP_004089593.1	118
BBM62186.1	118
WP_151960580.1	118
WP_130830735.1	119
WP_197385726.1	119
EDV0369716.1	119
EFU2457526.1	119
ECJ5870799.1	119
MHX33700.1	119
AAC32340.1	120
MBB9001093.1	120
WP_024165680.1	120
WP_087675576.1	120
ESF77981.1	120
AAV34494.1	120
CKI58892.1	121
WP_010976418.1	121
WP_205397345.1	121
WP_080983030.1	121
WP_084925341.1	121
WP_125370847.1	121
QHR93353.1	122
HBD4964601.1	122
WP_105228541.1	122
WP_130060494.1	122
EGR3401026.1	122
WP_107289800.1	122
WP_152062103.1	123
WP_023308088.1	123
WP_096972367.1	123
WP_001010142.1	123
WP_225586566.1	123
WP_226311469.1	123
WP_074464799.1	124
WP_097331603.1	124
WP_083881261.1	124
WP_047282573.1	124
HCS07025.1	124
WP_203305283.1	124
WP_159135012.1	125
WP_196208739.1	125
WP_107250860.1	125
WP_136979491.1	125
WP_141178709.1	125
WP_045524114.1	125
WP_107135449.1	126
EEW1816497.1	126
WP_047027453.1	126
WP_063412373.1	126
AXU94489.1	126
WP_099031863.1	126
MBE4077669.1	127
WP_070801807.1	127
WP_000610525.1	127
EBK3136946.1	127
AVP93669.1	127
BBS86511.1	127
WP_128111378.1	128
WP_048971144.1	128
ATF91965.1	128
HAU5067813.1	128
MBO6244602.1	128
WP_047446003.1	128
WP_001244596.1	129
WP_069370612.1	129
WP_159885601.1	129
NMR26814.1	129
WP_147822850.1	129
WP_000965187.1	130
WP_073405434.1	130
WP_106479609.1	130
WP_151760660.1	130
WP_097133847.1	130
WP_112027026.1	131
EHT4047731.1	131
WP_137646360.1	131
WP_070715588.1	131
ANF30189.1	131
WP_032219906.1	132
MBB7981341.1	132
EHW0693039.1	132
WP_155827594.1	132
SFW56634.1	132
EEX8529266.1	133
WP_135559430.1	133
WP_218467719.1	133
WP_166024358.1	133
WP_226100070.1	133
WP_140117495.1	134
WP_080320291.1	134
EFI3321327.1	134
MCA7381528.1	134
WP_072059006.1	134
ADI59429.1	135
WP_057533503.1	135
WP_049598626.1	135
QSV67788.1	135
WP_067515007.1	135
AAR24270.1	136
WP_214271335.1	136
EES6290913.1	136
WP_137525764.1	136
WP_161709924.1	136
MCD8195583.1	137
WP_050263147.1	137
WP_169447179.1	137
MBE6464487.1	137
MBT8855624.1	137
AKA20999.1	138
WP_033849664.1	138
WP_141239803.1	138
OYU06330.1	138
WP_159933549.1	138
AFW04790.1	139
WP_213848124.1	139
HAT7498691.1	139
WP_181665260.1	139
WP_187655186.1	139
ACD37117.1	140
WP_218338333.1	140
HAW1994079.1	140
EFV8085154.1	140
WP_201889389.1	140
WP_168727044.1	141
WP_171996319.1	141
WP_158313308.1	141
WP_168390257.1	141
EFK4032291.1	142
EFL5808813.1	142
WP_072277377.1	142
WP_151207128.1	142
ACA24890.1	143
EFM2301527.1	143
EHV2987270.1	143
EFJ8053913.1	143
EHJ4093881.1	144
EFA5330670.1	144
WP_079793774.1	144
HAU3265253.1	144
EFM8966421.1	145
WP_179151278.1	145
WP_089639188.1	145
WP_130996601.1	145
WP_156075988.1	146
WP_098924729.1	146
WP_097773587.1	146
WP_117533348.1	146
WP_134865955.1	147
WP_217071531.1	147
WP_105270233.1	147
WP_135522194.1	147
WP_152135426.1	148
PWF22172.1	148
WP_152136792.1	148
WP_191960207.1	148
WP_219589636.1	149
WP_050208692.1	149
WP_208562073.1	149
MBN2918313.1	149
WP_131635066.1	150
WP_095439613.1	150
WP_059305475.1	150
WP_086391195.1	151
WP_223235463.1	151
WP_210147559.1	151
WP_056518283.1	152
WP_217484526.1	152
WP_158656309.1	152
WP_171921318.1	153
WP_134743533.1	153
MBQ1182921.1	153
WP_097435281.1	154
WP_105064350.1	154
RZQ33479.1	154
NIM30849.1	155
WP_058012910.1	155
WP_221921379.1	155
WP_158642090.1	156
HAN9677774.1	156
AXL96526.1	156
AHB32267.1	157
WP_182004423.1	157
WP_054580615.1	157
ADN43871.1	158
HBD4940543.1	158
MBS9075002.1	158
WP_072310772.1	159
KEN43158.1	159
PBO11778.1	159
OOR10931.1	160
WP_169088050.1	160
WP_152393671.1	160
WP_123907704.1	161
WP_042054573.1	161
WP_162648787.1	161
WP_181963476.1	162
KXT66704.1	162
WP_117508790.1	162
WP_001146576.1	163
MBR5287082.1	163
WP_204388634.1	163
ADJ19203.1	164
EAC1391332.1	164
WP_133633838.1	164
WP_029397751.1	165
BBM62630.1	165
EFF8873380.1	165
EEV9868844.1	166
WP_222839913.1	166
EGB44387.1	166
KGM82069.1	167
AIG62720.1	167
WP_052920558.1	167
WP_032204448.1	168
TNL09459.1	168
EFB7606573.1	169
WP_187182267.1	169
WP_201546713.1	170
WP_089541576.1	170
WP_001607661.1	171
WP_064669448.1	171
WP_045172218.1	172
WP_142668271.1	172
WP_115438839.1	173
WP_145711270.1	173
WP_117280578.1	174
WP_125442707.1	174
WP_142473995.1	175
BAT23399.1	175
WP_117627798.1	176
WP_227573984.1	176
WP_166789530.1	177
WP_166786039.1	177
WP_162720964.1	178
WP_217276912.1	178
SPY78922.1	179
WP_144330269.1	179
WP_016266983.1	180
WP_074036144.1	180
WP_151803306.1	181
HAS8351701.1	181
HIS90268.1	182
WP_227161748.1	182
WP_077201143.1	183
WP_069506430.1	183
WP_227660009.1	184
WP_047620789.1	184
HAW0662410.1	185
WP_059273982.1	185
EEC8124655.1	186
WP_224084700.1	186
WP_223331310.1	187
KXT90867.1	187
WP_230149521.1	188
WP_110747764.1	188
HBE4853105.1	189
WP_096912745.1	189
EAT8922683.1	190
WP_201883775.1	190
